Size of some signed C types, in bytes:
 1 char
 2 short
 4 int
 8 long
 8 long long
 1 uint8_t
 2 uint16_t
 4 uint32_t
 8 uint64_t
Size of some unsigned C types, in bytes:
 1 unsigned char
 2 unsigned short
 4 unsigned int
 8 unsigned long
 8 unsigned long long
 8 size_t
Size of pointers, in bytes:
 8 void *
 8 char *

stride_direction	-1
size_bytes	1	4	16	32	64	128	256	512	1024
1024	0.194467	0.211109	0.174028	0.176630	0.223148	0.206741	-	-	-
2048	0.183636	0.194236	0.163583	0.181854	0.175182	0.208050	0.195521	-	-
4096	0.180340	0.186768	0.204311	0.164157	0.166413	0.167764	0.205848	0.200229	-
8192	0.178786	0.181656	0.192685	0.209417	0.161410	0.166188	0.170320	0.204026	0.197167
16384	0.178044	0.180000	0.185516	0.191306	0.207878	0.160208	0.171897	0.191877	0.202960
32768	0.178215	0.179867	0.188614	0.185320	0.192870	0.208199	0.159578	0.168513	0.170769
65536	0.179858	0.185142	0.231016	0.239337	0.247451	0.252774	0.259366	0.189600	0.170307
131072	0.179442	0.185169	0.239559	0.260650	0.280066	0.256187	0.270840	0.307325	0.284198
262144	0.184694	0.203237	0.405732	0.416728	0.469516	0.421179	0.406508	0.374757	0.413849
524288	0.184081	0.239732	0.551463	0.549083	0.565362	0.504783	0.503681	0.507347	0.512411
1048576	0.182127	0.214887	0.518582	0.604119	0.569617	0.517399	0.510795	0.523953	0.516542
2097152	0.184894	0.225987	0.543441	0.597883	0.662640	0.615044	0.616057	0.710899	0.734885
4194304	0.200826	0.336615	0.868035	1.143596	1.176404	1.169319	1.245771	1.352640	1.418882
8388608	0.209566	0.328366	1.160386	1.503534	1.747165	1.679752	1.806815	2.067156	2.672387
16777216	0.221622	0.332607	1.149657	1.827871	2.194512	1.961820	2.152654	2.432196	3.039408
33554432	0.216602	0.329083	1.167968	1.718713	2.119978	2.054133	2.206453	2.602883	3.270952
67108864	0.210508	0.331268	1.177584	1.723730	2.170088	2.106106	2.259962	2.586399	2.915694
134217728	0.208820	0.330377	1.163469	1.750317	2.160521	2.112063	2.264415	2.584835	3.013202
268435456	0.205089	0.327687	1.155691	1.742679	2.134599	2.109702	2.236288	2.659435	3.113521
536870912	0.209015	0.339874	1.158588	1.703071	2.150684	2.078081	2.223647	2.648007	3.149808
1073741824	0.210056	0.320171	1.155485	1.733008	2.126941	2.103490	2.248114	2.662442	3.325274

stride_direction	0
size_bytes
1024	0.379024
2048	0.416567
4096	0.378927
8192	0.376011
16384	0.375240
32768	0.377079
65536	0.387704
131072	0.388209
262144	0.389070
524288	0.413988
1048576	0.457317
2097152	0.539234
4194304	1.523711
8388608	2.301300
16777216	2.829126
33554432	3.184126
67108864	3.773779
134217728	4.633006
268435456	5.219011
536870912	5.759514
1073741824	7.389429

stride_direction	1
size_bytes	1	4	16	32	64	128	256	512	1024
1024	0.022451	0.196016	0.161762	0.163671	0.213354	0.180799	-	-	-
2048	0.017396	0.153534	0.148302	0.156986	0.163287	0.205439	0.172387	-	-
4096	0.016587	0.141694	0.167726	0.147727	0.156397	0.163414	0.207620	0.172304	-
8192	0.016130	0.135062	0.149684	0.166280	0.145589	0.154089	0.154580	0.202595	0.168728
16384	0.015197	0.130388	0.139434	0.149754	0.166403	0.147707	0.175877	0.161720	0.201296
32768	0.015133	0.129624	0.133976	0.139533	0.147791	0.165126	0.146287	0.167464	0.153763
65536	0.028099	0.142153	0.237276	0.253826	0.244293	0.247159	0.257019	0.162272	0.154169
131072	0.027851	0.142822	0.236507	0.267775	0.259714	0.258227	0.268350	0.323398	0.273957
262144	0.027937	0.142955	0.252712	0.261030	0.258095	0.254893	0.264960	0.307677	0.402402
524288	0.040059	0.200279	0.516907	0.550246	0.559121	0.520106	0.508725	0.506438	0.513082
1048576	0.040950	0.201526	0.584798	0.616598	0.603863	0.514782	0.508225	0.533602	0.516830
2097152	0.042613	0.210446	0.529222	0.583868	0.603296	0.548675	0.557780	0.632168	0.653041
4194304	0.079045	0.274216	0.846585	0.991804	1.094888	1.082644	1.210509	1.266190	1.347208
8388608	0.069870	0.302619	1.075140	1.508845	1.665825	1.609407	1.758191	1.992724	2.634766
16777216	0.077295	0.308374	1.141854	1.633754	1.943839	1.777982	1.920522	2.234709	2.655549
33554432	0.067881	0.322175	1.128148	1.652023	1.993547	1.869549	1.998415	2.289841	2.707934
67108864	0.077856	0.303283	1.140633	1.647910	2.036641	1.912765	2.038474	2.315583	2.719713
134217728	0.075255	0.306721	1.130978	1.693055	2.063214	1.939216	2.069587	2.370767	2.883036
268435456	0.072112	0.315849	1.144693	1.737279	2.151677	2.083843	2.216257	2.548742	3.006065
536870912	0.073156	0.312341	1.172329	1.711721	2.145499	2.076268	2.230934	2.619816	3.192273
1073741824	0.073874	0.311350	1.145107	1.706851	2.151557	2.119736	2.341553	2.667345	3.380023
