Size of some signed C types, in bytes:
 1 char
 2 short
 4 int
 4 long
 8 long long
 1 uint8_t
 2 uint16_t
 4 uint32_t
 8 uint64_t
Size of some unsigned C types, in bytes:
 1 unsigned char
 2 unsigned short
 4 unsigned int
 4 unsigned long
 8 unsigned long long
 4 uintptr_t
 4 size_t
Size of pointers, in bytes:
 4 void *
 4 char *
 4 uintptr_t *
PRIx64 format string=:llx:
PRIX64 format string=:llX:
PRId64 format string=:lld:
PRIu64 format string=:llu:
PRIuPTR format string=:lu:

access_pattern	0

stride_direction	-1
size_bytes	1	4	16	32	64	128	256	512	1024
1024	2.296	2.192	2.192	2.193	2.193	2.192	-	-	-
2048	2.202	2.205	2.196	2.194	2.194	2.196	2.193	-	-
4096	2.193	2.197	2.203	2.194	2.194	2.195	2.196	2.246	-
8192	2.195	2.279	2.195	2.217	2.195	2.196	2.197	2.202	2.194
16384	2.197	2.196	2.205	2.205	2.199	2.202	2.200	2.200	2.201
32768	2.205	2.207	2.215	2.210	2.209	2.208	2.213	2.213	2.213
65536	2.803	4.600	6.912	6.910	6.915	7.643	7.055	6.911	6.954
131072	2.809	4.565	6.911	6.932	6.913	6.912	6.916	6.909	6.911
262144	2.814	4.575	6.925	6.920	6.936	6.923	6.930	6.922	6.982
524288	3.096	5.039	7.497	7.559	7.536	7.525	7.564	7.557	7.670
1048576	9.043	31.990	83.612	83.788	84.880	87.331	92.861	103.366	121.760
2097152	10.356	37.174	99.725	99.737	100.568	102.932	108.088	119.038	143.281
4194304	10.340	37.452	101.475	101.716	102.891	105.481	111.671	123.542	147.667
8388608	10.109	37.519	101.493	101.816	103.010	105.672	111.766	124.064	148.605
16777216	10.111	37.443	101.487	101.825	103.065	105.726	111.627	123.750	147.707
33554432	10.105	37.453	101.488	102.363	104.362	108.017	115.053	128.634	154.869
67108864	10.091	37.518	103.476	103.984	113.197	116.537	137.951	167.545	236.462
134217728	10.152	37.493	101.422	103.439	108.076	117.948	137.561	176.690	255.005
268435456	10.092	37.499	101.358	103.382	108.136	118.110	137.898	177.328	256.542
536870912	10.123	37.605	101.430	103.633	108.663	121.731	139.670	180.999	270.407

access_pattern	1

stride_direction	1
size_bytes	1	4	16	32	64	128	256	512	1024
1024	2.204	2.202	2.205	2.244	2.213	2.203	-	-	-
2048	2.205	2.231	2.207	2.206	2.206	2.205	2.219	-	-
4096	2.208	2.209	2.206	2.213	2.207	2.207	2.210	2.207	-
8192	2.206	2.208	2.206	2.215	2.206	2.212	2.207	2.208	2.209
16384	2.206	2.238	2.209	2.215	2.211	2.205	2.210	2.208	2.207
32768	2.216	2.209	2.221	2.212	2.222	2.212	2.212	2.216	2.216
65536	2.799	4.569	6.907	6.958	6.918	6.907	7.145	6.907	6.905
131072	2.801	4.572	6.907	6.913	6.921	6.910	6.916	6.917	6.909
262144	2.805	4.586	6.917	6.991	6.958	6.930	6.927	6.927	6.924
524288	3.031	5.117	7.482	7.485	7.567	7.549	7.586	7.525	7.614
1048576	9.039	32.031	83.508	83.904	84.979	87.558	92.894	103.152	121.057
2097152	10.278	37.152	99.563	99.856	100.904	103.629	108.717	122.060	143.432
4194304	10.333	37.630	101.712	101.999	103.329	106.269	112.237	124.386	148.488
8388608	10.130	37.585	101.539	102.124	103.456	106.438	112.815	125.213	150.307
16777216	10.130	37.635	101.491	102.154	103.510	106.493	112.909	124.883	149.493
33554432	10.119	37.677	101.478	102.666	104.799	108.819	116.203	130.214	156.956
67108864	10.117	37.569	101.494	103.692	108.086	117.523	136.494	174.040	246.146
134217728	10.118	37.661	101.482	103.844	108.923	119.326	140.088	181.800	265.137
268435456	10.106	37.594	101.430	103.809	108.868	119.224	139.963	181.733	265.094
536870912	10.118	37.588	101.427	103.713	108.767	120.403	139.670	181.066	263.959

access_pattern	2
size_bytes
1024	2.210
2048	2.207
4096	2.206
8192	2.207
16384	2.205
32768	2.215
65536	4.763
131072	5.862
262144	6.405
524288	7.330
1048576	81.586
2097152	118.610
4194304	145.383
8388608	171.487
16777216	201.390
33554432	236.532
67108864	257.115
134217728	270.836
268435456	286.377
536870912	287.242
