Size of some signed C types, in bytes:
 1 char
 2 short
 4 int
 8 long
 8 long long
 1 uint8_t
 2 uint16_t
 4 uint32_t
 8 uint64_t
Size of some unsigned C types, in bytes:
 1 unsigned char
 2 unsigned short
 4 unsigned int
 8 unsigned long
 8 unsigned long long
 8 uintptr_t
 8 size_t
Size of pointers, in bytes:
 8 void *
 8 char *
 8 uintptr_t *
PRIx64 format string=:llx:
PRIX64 format string=:llX:
PRId64 format string=:lld:
PRIu64 format string=:llu:
PRIuPTR format string=:lu:

access_pattern	0

stride_direction	-1
size_bytes	1	4	16	32	64	128	256	512	1024
1024	0.896	0.886	0.868	0.869	0.917	-	-	-	-
2048	0.869	0.869	0.876	0.905	0.888	0.866	-	-	-
4096	0.871	0.872	0.889	0.886	0.881	0.880	0.885	-	-
8192	0.883	0.867	0.877	0.869	0.883	0.869	0.872	0.875	-
16384	0.893	0.886	0.881	0.874	0.875	0.875	0.891	0.869	0.906
32768	0.881	0.879	0.924	0.881	0.896	0.873	0.881	0.878	0.870
65536	0.876	0.948	1.479	2.594	2.612	2.627	2.600	2.610	0.904
131072	0.881	0.955	1.393	2.629	2.613	2.620	2.628	2.643	2.633
262144	0.888	0.940	1.384	2.623	2.655	2.638	2.644	3.188	2.641
524288	1.028	1.416	4.091	9.075	9.395	9.832	9.892	11.229	11.877
1048576	1.035	1.323	3.392	9.933	10.486	9.613	10.232	11.492	11.275
2097152	0.985	1.253	3.248	9.233	9.599	9.828	10.208	10.927	10.956
4194304	1.077	1.206	3.924	9.137	9.298	9.879	10.367	11.380	11.104
8388608	1.063	1.510	3.249	9.411	9.719	10.387	11.522	13.846	11.558
16777216	1.100	2.015	8.314	31.982	34.361	36.858	46.743	61.466	26.066
33554432	1.389	2.647	17.353	77.319	85.838	81.743	89.642	95.555	80.391
67108864	1.391	2.663	19.994	76.559	93.478	95.211	93.478	106.214	105.399
134217728	1.381	2.910	23.539	101.970	106.645	101.391	102.562	108.048	109.834
268435456	1.383	2.749	24.242	103.865	112.072	105.500	105.187	110.855	111.039
536870912	1.380	2.714	23.821	104.981	112.680	105.939	106.798	111.974	113.639
1073741824	1.390	2.760	23.805	105.050	111.342	105.867	106.813	112.451	113.863

access_pattern	1

stride_direction	1
size_bytes	1	4	16	32	64	128	256	512	1024
1024	0.906	0.836	0.830	0.834	0.850	-	-	-	-
2048	0.851	0.836	0.834	0.852	0.854	0.846	-	-	-
4096	0.829	0.839	0.842	0.853	0.845	0.848	0.843	-	-
8192	0.849	0.855	0.851	0.855	0.840	0.835	0.841	0.829	-
16384	0.867	0.840	0.841	0.853	0.855	0.858	0.843	0.846	0.859
32768	0.857	0.859	0.906	0.851	0.849	0.846	0.856	0.839	0.855
65536	0.849	0.906	1.311	2.533	2.526	2.507	2.533	2.527	0.899
131072	0.860	1.017	1.334	2.531	2.528	2.509	2.530	2.542	2.543
262144	0.858	0.909	1.349	2.526	2.549	2.523	2.533	2.533	2.525
524288	0.917	1.111	3.301	9.151	9.492	9.795	10.201	11.056	11.063
1048576	1.111	1.264	3.054	8.951	9.717	9.814	10.709	11.431	11.243
2097152	0.902	1.051	3.197	9.385	9.675	10.117	10.162	21.304	11.479
4194304	0.876	1.061	3.383	9.016	33.670	53.286	44.021	11.897	12.250
8388608	0.982	1.407	3.699	10.315	10.018	12.760	12.249	13.464	12.112
16777216	0.991	1.803	8.069	30.390	30.824	34.053	43.925	61.585	26.014
33554432	1.282	2.343	15.713	70.690	74.976	75.793	86.309	99.716	78.345
67108864	1.311	2.374	19.037	77.363	87.432	93.213	98.949	105.156	104.327
134217728	1.293	2.360	22.875	99.552	104.769	101.371	104.883	111.837	109.345
268435456	1.274	2.378	23.850	102.300	109.830	103.834	106.487	111.646	110.046
536870912	1.278	2.494	22.769	104.066	109.570	105.412	107.817	111.507	112.339
1073741824	1.275	2.363	23.059	106.282	113.233	105.876	107.652	112.111	114.779

access_pattern	2
size_bytes
1024	0.931
2048	0.832
4096	0.839
8192	0.846
16384	0.870
32768	0.848
65536	1.724
131072	2.152
262144	2.293
524288	7.071
1048576	8.772
2097152	9.904
4194304	10.708
8388608	12.153
16777216	32.452
33554432	72.664
67108864	96.817
134217728	108.274
268435456	115.498
536870912	118.234
1073741824	119.929
