Size of some signed C types, in bytes:
 1 char
 2 short
 4 int
 8 long
 8 long long
 1 uint8_t
 2 uint16_t
 4 uint32_t
 8 uint64_t
Size of some unsigned C types, in bytes:
 1 unsigned char
 2 unsigned short
 4 unsigned int
 8 unsigned long
 8 unsigned long long
 8 uintptr_t
 8 size_t
Size of pointers, in bytes:
 8 void *
 8 char *
 8 uintptr_t *
PRIx64 format string=:llx:
PRIX64 format string=:llX:
PRId64 format string=:lld:
PRIu64 format string=:llu:
PRIuPTR format string=:lu:

access_pattern	0

stride_direction	-1
size_bytes	1	4	16	32	64	128	256	512	1024
1024	1.090	0.990	0.990	0.989	0.991	-	-	-	-
2048	0.994	0.995	1.000	0.990	0.999	0.989	-	-	-
4096	0.971	1.004	0.989	0.989	0.990	0.991	0.990	-	-
8192	0.969	0.991	0.993	0.994	0.997	0.993	0.996	0.994	-
16384	0.756	0.990	0.990	0.989	0.989	0.989	1.000	0.992	0.990
32768	0.816	0.984	0.989	0.990	0.990	0.990	0.991	0.990	0.990
65536	0.292	0.965	0.989	0.989	0.992	0.990	0.991	0.990	0.990
131072	0.999	0.990	1.002	0.991	1.095	1.003	0.999	1.404	1.202
262144	0.990	1.145	1.635	1.755	4.255	1.190	1.493	2.088	3.226
524288	1.004	1.145	1.622	1.729	5.158	1.134	1.237	1.559	3.373
1048576	0.964	1.138	1.617	1.724	5.596	1.124	1.103	1.456	4.388
2097152	0.898	1.135	1.612	1.724	5.818	1.099	1.065	1.374	4.969
4194304	0.984	1.071	1.630	1.748	5.985	1.459	1.793	2.453	6.288
8388608	0.923	1.071	1.626	1.772	6.060	1.437	1.791	2.433	6.350
16777216	0.899	1.071	1.722	1.925	6.219	1.579	1.835	2.494	6.553
33554432	0.278	1.074	7.159	8.652	11.495	2.817	4.575	5.620	6.972
67108864	0.715	1.077	9.636	14.547	25.938	5.744	12.967	11.475	12.784
134217728	0.480	1.081	9.713	14.933	31.784	10.242	15.813	11.858	12.722
268435456	0.295	1.075	9.716	15.012	31.815	11.515	30.436	15.059	12.734
536870912	0.295	1.077	9.735	15.032	31.788	12.121	36.301	24.945	15.402
1073741824	0.290	1.071	9.728	14.961	31.816	12.127	36.226	29.071	21.558

access_pattern	1

stride_direction	1
size_bytes	1	4	16	32	64	128	256	512	1024
1024	1.000	0.990	0.989	0.989	0.989	-	-	-	-
2048	0.989	1.004	0.990	0.990	0.989	0.989	-	-	-
4096	0.967	0.989	0.989	0.990	0.989	0.991	0.989	-	-
8192	0.961	0.995	0.996	0.989	0.990	0.989	0.990	0.989	-
16384	0.404	0.986	1.004	0.994	0.991	0.989	0.990	0.989	0.991
32768	0.352	0.984	0.990	0.991	0.989	1.001	0.991	0.990	0.989
65536	0.991	0.989	0.991	0.990	0.991	0.989	0.990	0.990	0.989
131072	0.995	0.989	0.990	0.990	0.991	0.989	0.990	1.007	0.990
262144	0.990	1.076	1.620	1.773	4.211	1.107	1.474	1.913	3.117
524288	0.999	1.071	1.613	1.749	5.115	1.061	1.228	1.548	3.242
1048576	0.982	1.070	1.621	1.753	5.578	1.130	1.108	1.409	3.520
2097152	0.971	1.069	1.622	1.738	5.802	1.084	1.064	1.343	3.810
4194304	0.964	1.055	1.627	1.910	5.989	1.551	1.771	2.448	6.326
8388608	0.916	1.055	1.630	1.903	6.059	1.551	1.773	2.444	6.422
16777216	0.275	1.057	1.664	1.953	6.241	1.429	1.937	2.566	6.507
33554432	0.778	1.061	6.700	8.724	12.192	3.142	4.613	5.700	7.237
67108864	0.690	1.064	9.617	14.663	26.491	6.239	12.981	11.561	12.510
134217728	0.439	1.066	9.707	15.016	31.796	10.262	15.915	11.860	12.443
268435456	0.322	1.072	9.794	15.007	31.805	11.508	30.590	14.576	12.920
536870912	0.302	1.060	9.714	15.010	31.845	12.325	36.563	25.250	14.851
1073741824	0.284	1.064	9.737	15.035	31.819	12.280	36.453	28.963	21.499

access_pattern	2
size_bytes
1024	0.990
2048	0.989
4096	0.989
8192	0.989
16384	0.990
32768	0.989
65536	0.997
131072	0.994
262144	3.931
524288	5.170
1048576	5.712
2097152	5.988
4194304	7.365
8388608	8.212
16777216	8.781
33554432	40.469
67108864	75.065
134217728	95.106
268435456	105.254
536870912	110.398
1073741824	113.561
