Size of some signed C types, in bytes:
 1 char
 2 short
 4 int
 8 long
 8 long long
 1 uint8_t
 2 uint16_t
 4 uint32_t
 8 uint64_t
Size of some unsigned C types, in bytes:
 1 unsigned char
 2 unsigned short
 4 unsigned int
 8 unsigned long
 8 unsigned long long
 8 size_t
Size of pointers, in bytes:
 8 void *
 8 char *

stride_direction	-1
size_bytes	1	4	16	32	64	128	256	512	1024
1024	0.139942	0.155118	0.127334	0.125255	0.161202	0.174153	-	-	-
2048	0.133985	0.141596	0.121938	0.120439	0.121728	0.156400	0.173397	-	-
4096	0.130993	0.134803	0.150759	0.116050	0.118623	0.121390	0.153969	0.166259	-
8192	0.130404	0.131962	0.139265	0.145769	0.116849	0.120787	0.121135	0.151846	0.157466
16384	0.129535	0.130153	0.133600	0.140602	0.142678	0.115465	0.119377	0.121152	0.154125
32768	0.129992	0.130773	0.132030	0.134453	0.141131	0.146791	0.117691	0.122335	0.121985
65536	0.132716	0.139705	0.162019	0.170289	0.177082	0.176876	0.189721	0.128829	0.124027
131072	0.134018	0.133335	0.169424	0.171949	0.174926	0.177244	0.194291	0.222401	0.202909
262144	0.133321	0.133762	0.171604	0.183104	0.184991	0.184635	0.195956	0.224354	0.294849
524288	0.135262	0.140957	0.360491	0.423365	0.438044	0.375456	0.379187	0.378671	0.382912
1048576	0.132144	0.140038	0.359212	0.424365	0.434498	0.377216	0.377438	0.385638	0.384275
2097152	0.133056	0.141737	0.358383	0.426049	0.440064	0.380986	0.380019	0.388529	0.387954
4194304	0.140381	0.157697	0.376261	0.458724	0.491980	0.445059	0.481865	0.523350	0.585070
8388608	0.136468	0.173199	0.501015	0.668896	0.734069	0.657744	0.666201	0.916978	1.899176
16777216	0.144150	0.209879	0.709272	0.938526	1.019310	0.921885	0.918945	0.938302	1.787521
33554432	0.142430	0.221587	0.783072	1.088302	1.222843	1.082142	1.109518	1.123927	1.834431
67108864	0.144763	0.227932	0.804257	1.145082	1.281885	1.166324	1.163847	1.177865	1.820878
134217728	0.142000	0.265250	0.913297	1.291599	1.416150	1.351298	1.403705	1.557500	2.019412
268435456	0.155771	0.309952	1.126384	1.653223	1.670497	1.604136	1.729077	1.848231	2.293997
536870912	0.152559	0.304712	1.093427	1.598372	1.901164	1.794411	1.912127	2.057654	2.489802
1073741824	0.149529	0.297591	1.127624	1.649561	1.997838	1.855365	1.987451	2.192760	2.489491

stride_direction	0
size_bytes
1024	0.278226
2048	0.278799
4096	0.274723
8192	0.274525
16384	0.276701
32768	0.277390
65536	0.283688
131072	0.283045
262144	0.284976
524288	0.309899
1048576	0.338781
2097152	0.361123
4194304	0.531447
8388608	1.018630
16777216	1.529123
33554432	1.944566
67108864	2.492189
134217728	3.579696
268435456	4.590673
536870912	4.727340
1073741824	4.899033

stride_direction	1
size_bytes	1	4	16	32	64	128	256	512	1024
1024	0.015055	0.133603	0.111453	0.126526	0.172462	0.146421	-	-	-
2048	0.013307	0.114781	0.106331	0.108183	0.121863	0.169074	0.139305	-	-
4096	0.012039	0.102425	0.130066	0.104539	0.105931	0.121086	0.166841	0.136774	-
8192	0.012359	0.098942	0.110685	0.132377	0.102758	0.104679	0.118898	0.166815	0.139873
16384	0.011924	0.096924	0.102287	0.110796	0.127583	0.101928	0.104222	0.120150	0.167199
32768	0.011876	0.094750	0.097354	0.102405	0.108887	0.127736	0.101777	0.105255	0.116040
65536	0.020597	0.103714	0.173382	0.172345	0.183877	0.178577	0.179782	0.117002	0.127737
131072	0.020213	0.102535	0.174006	0.181697	0.179518	0.175403	0.189568	0.220826	0.208076
262144	0.020395	0.103248	0.175848	0.190002	0.186393	0.189053	0.192194	0.221882	0.293192
524288	0.025366	0.117046	0.359292	0.419911	0.441204	0.376908	0.376586	0.382232	0.385536
1048576	0.025017	0.116799	0.361761	0.433498	0.439339	0.381874	0.383658	0.380419	0.389585
2097152	0.025202	0.121452	0.360888	0.424511	0.451376	0.385890	0.377200	0.386158	0.390996
4194304	0.026097	0.130212	0.381371	0.464980	0.497265	0.442580	0.465902	0.533581	0.557426
8388608	0.034434	0.169218	0.515527	0.720574	0.736310	0.657909	0.686447	0.919043	1.812491
16777216	0.047648	0.206788	0.715175	0.968669	1.032881	0.950356	0.928926	0.954714	1.786353
33554432	0.053926	0.219680	0.779178	1.114256	1.212827	1.097989	1.107888	1.131554	1.846806
67108864	0.056356	0.223324	0.819238	1.176330	1.269303	1.157942	1.163668	1.225623	1.839604
134217728	0.070610	0.257894	0.909130	1.291750	1.420044	1.384909	1.396841	1.488935	2.133983
268435456	0.073664	0.301503	1.101567	1.634468	1.736029	1.724348	1.914712	1.945319	2.418099
536870912	0.072222	0.301344	1.251044	1.660696	1.934295	1.819809	1.920974	2.074686	2.447778
1073741824	0.070575	0.296462	1.101497	1.633999	1.971106	1.803272	1.960255	2.133450	2.599237
