Size of some signed C types, in bytes:
 1 char
 2 short
 4 int
 8 long
 8 long long
 1 uint8_t
 2 uint16_t
 4 uint32_t
 8 uint64_t
Size of some unsigned C types, in bytes:
 1 unsigned char
 2 unsigned short
 4 unsigned int
 8 unsigned long
 8 unsigned long long
 8 size_t
Size of pointers, in bytes:
 8 void *
 8 char *

stride_direction	-1
size_bytes	1	4	16	32	64	128	256	512	1024
1024	0.099389	0.102251	0.098263	0.104207	0.112132	0.113728	-	-	-
2048	0.090909	0.110499	0.095541	0.094191	0.091884	0.108954	0.110061	-	-
4096	0.088283	0.104192	0.094084	0.099512	0.099192	0.093478	0.108166	0.109625	-
8192	0.086797	0.102577	0.108542	0.093631	0.092132	0.089928	0.091077	0.105110	0.107257
16384	0.086184	0.096334	0.100584	0.107074	0.093803	0.092763	0.090861	0.089149	0.107593
32768	0.087748	0.103110	0.098835	0.101215	0.106022	0.094194	0.093026	0.090470	0.093158
65536	0.088247	0.096912	0.103739	0.118352	0.152402	0.153746	0.140183	0.101816	0.100526
131072	0.088532	0.098859	0.107780	0.117009	0.143877	0.150167	0.144985	0.161895	0.152391
262144	0.092042	0.103809	0.121460	0.128032	0.160710	0.157673	0.162624	0.154530	0.219064
524288	0.089336	0.111210	0.245185	0.324998	0.364858	0.370478	0.365745	0.358497	0.335041
1048576	0.092385	0.108708	0.238693	0.328048	0.417024	0.427950	0.389738	0.392852	0.350237
2097152	0.095967	0.114571	0.244244	0.315713	0.423683	0.427676	0.398241	0.427936	0.341291
4194304	0.096980	0.108195	0.235358	0.340215	0.418096	0.434425	0.420719	0.390120	0.335884
8388608	0.104108	0.121240	0.261938	0.333468	0.430119	0.435794	0.403651	0.461435	0.853180
16777216	0.116146	0.222965	0.708373	0.914331	1.228382	1.515047	1.575620	1.851732	2.745036
33554432	0.160510	0.275962	1.135147	2.345242	3.149528	3.701549	3.505527	4.021529	3.145453
67108864	0.158161	0.279029	1.431325	3.134257	3.696390	4.036869	4.533038	4.290817	3.980741
134217728	0.154445	0.281494	1.723275	3.261430	4.008107	4.571212	4.798508	4.983803	4.042438
268435456	0.149773	0.283339	1.662816	3.595762	4.045859	4.670529	4.622288	5.056069	3.783238
536870912	0.156111	0.282942	1.821453	3.352239	4.275758	4.723460	4.818505	5.215376	4.358273
1073741824	0.155985	0.305983	1.849307	3.310034	4.136319	4.694111	4.742930	4.904641	4.543096

stride_direction	0
size_bytes
1024	0.252887
2048	0.229615
4096	0.241899
8192	0.241716
16384	0.231372
32768	0.237266
65536	0.239054
131072	0.241539
262144	0.241347
524288	0.245607
1048576	0.275694
2097152	0.311586
4194304	0.316472
8388608	0.395354
16777216	1.486737
33554432	2.784350
67108864	4.421279
134217728	7.162804
268435456	8.750089
536870912	9.169466
1073741824	10.220327

stride_direction	1
size_bytes	1	4	16	32	64	128	256	512	1024
1024	0.016383	0.093370	0.080207	0.095585	0.110625	0.118401	-	-	-
2048	0.010231	0.094860	0.076516	0.073625	0.090502	0.107787	0.108426	-	-
4096	0.008785	0.088620	0.075762	0.073822	0.072263	0.087798	0.104917	0.129500	-
8192	0.008973	0.083940	0.088460	0.073392	0.073591	0.072238	0.088960	0.107167	0.106053
16384	0.008600	0.078878	0.083201	0.086946	0.078238	0.072090	0.069686	0.087318	0.105561
32768	0.008495	0.081032	0.083711	0.085482	0.087139	0.072259	0.071388	0.070650	0.087886
65536	0.016245	0.068483	0.099171	0.111872	0.141895	0.144991	0.117195	0.077001	0.073383
131072	0.016671	0.065304	0.096640	0.114650	0.149055	0.163173	0.145029	0.150364	0.125468
262144	0.016253	0.065215	0.097065	0.118963	0.162533	0.157057	0.150779	0.151931	0.222719
524288	0.022730	0.094521	0.241615	0.312993	0.379990	0.378555	0.342969	0.338927	0.325201
1048576	0.022274	0.097912	0.227946	0.331830	0.393365	0.404915	0.375653	0.404507	0.343984
2097152	0.020059	0.092990	0.224468	0.344902	0.414409	0.412300	0.392689	0.418870	0.339352
4194304	0.022575	0.092986	0.222342	0.318902	0.393932	0.398882	0.414441	0.376583	0.338958
8388608	0.021945	0.099526	0.255509	0.333618	0.430150	0.417648	0.420860	0.461715	0.843022
16777216	0.037435	0.196379	0.691918	0.881647	1.287846	1.668537	1.794392	1.826494	2.612649
33554432	0.068153	0.239209	1.253313	2.496739	3.421102	3.845241	3.581592	3.681396	3.708984
67108864	0.060384	0.253333	1.324247	3.259578	3.585249	3.380412	3.747349	4.650502	3.957065
134217728	0.062428	0.248650	1.805783	3.265363	3.903949	4.542511	4.545327	5.028404	3.927740
268435456	0.061789	0.248306	1.870946	3.386196	3.915260	4.715790	4.701657	5.115795	4.246091
536870912	0.061400	0.249305	1.873176	3.442763	4.142809	4.680570	4.816152	5.244996	4.209075
1073741824	0.063825	0.249741	1.727544	3.702151	4.301368	4.739119	4.791749	5.209847	4.261434
