Size of some signed C types, in bytes:
 1 char
 2 short
 4 int
 8 long
 8 long long
 1 uint8_t
 2 uint16_t
 4 uint32_t
 8 uint64_t
Size of some unsigned C types, in bytes:
 1 unsigned char
 2 unsigned short
 4 unsigned int
 8 unsigned long
 8 unsigned long long
 8 uintptr_t
 8 size_t
Size of pointers, in bytes:
 8 void *
 8 char *
 8 uintptr_t *
PRIx64 format string=:llx:
PRIX64 format string=:llX:
PRId64 format string=:lld:
PRIu64 format string=:llu:
PRIuPTR format string=:lu:

access_pattern	0

stride_direction	-1
size_bytes	1	4	16	32	64	128	256	512	1024
1024	1.118	1.104	1.115	1.103	1.106	-	-	-	-
2048	1.104	1.098	1.103	1.106	1.100	1.099	-	-	-
4096	1.107	1.106	1.099	1.098	1.103	1.099	1.098	-	-
8192	1.097	1.114	1.099	1.097	1.104	1.104	1.123	1.102	-
16384	1.101	1.107	1.100	1.108	1.103	1.098	1.108	1.103	1.104
32768	1.099	1.111	1.192	1.104	1.111	1.099	1.100	1.105	1.097
65536	1.115	1.683	2.104	3.300	3.299	3.296	3.302	3.351	1.180
131072	1.447	1.419	1.950	3.297	3.298	3.301	3.306	3.298	3.297
262144	1.371	1.227	2.008	3.305	3.303	3.296	3.306	3.314	3.305
524288	1.138	1.660	4.111	10.008	10.359	10.630	11.100	12.174	12.245
1048576	1.261	1.371	4.117	10.034	10.337	10.547	11.153	12.263	12.282
2097152	1.170	1.482	4.107	10.057	10.358	10.592	11.147	12.314	12.316
4194304	1.465	1.483	4.547	10.374	10.887	11.119	11.785	13.114	13.175
8388608	1.357	1.959	7.665	21.601	45.031	42.490	49.429	63.757	55.784
16777216	1.285	2.050	10.703	33.952	58.024	53.485	59.985	68.695	74.317
33554432	1.322	2.482	11.256	34.853	64.578	58.579	65.011	75.270	79.391
67108864	1.390	2.376	11.829	36.657	68.420	61.310	68.646	78.905	82.722
134217728	1.469	2.500	13.184	42.102	68.893	62.153	69.053	79.075	86.922
268435456	1.493	2.794	17.614	57.394	69.486	62.756	69.582	82.753	92.357
536870912	1.510	3.298	17.595	56.953	69.156	62.769	70.061	81.168	90.871
1073741824	1.298	2.869	17.419	57.255	70.058	63.444	70.876	84.021	94.204

access_pattern	1

stride_direction	1
size_bytes	1	4	16	32	64	128	256	512	1024
1024	1.099	1.106	1.101	1.102	1.098	-	-	-	-
2048	1.102	1.100	1.100	1.106	1.098	1.101	-	-	-
4096	1.099	1.105	1.098	1.101	1.103	1.098	1.098	-	-
8192	1.103	1.100	1.098	1.098	1.118	1.098	1.099	1.104	-
16384	1.101	1.097	1.099	1.116	1.103	1.098	1.101	1.102	1.097
32768	1.103	1.111	1.134	1.099	1.103	1.098	1.108	1.102	1.105
65536	1.406	1.677	1.786	3.294	3.317	3.324	3.327	3.333	1.189
131072	1.177	1.374	2.136	3.328	3.305	3.297	3.294	3.296	3.289
262144	1.306	1.700	2.418	3.310	3.298	3.302	3.313	3.300	3.293
524288	1.270	1.446	4.011	9.961	10.307	10.529	11.123	12.153	12.167
1048576	1.328	1.326	4.139	10.049	10.325	10.557	11.097	12.196	12.238
2097152	1.530	1.278	4.049	10.044	10.395	10.649	11.226	12.268	12.323
4194304	1.405	1.316	4.295	10.192	10.964	11.179	11.720	13.047	13.046
8388608	1.235	1.900	7.964	20.405	45.031	42.280	47.963	59.466	55.907
16777216	1.417	1.949	10.512	29.968	59.065	52.644	60.124	68.886	72.956
33554432	1.207	2.191	11.711	34.954	64.345	58.268	65.247	75.844	79.802
67108864	1.331	2.179	11.583	36.968	68.458	61.705	68.192	78.317	82.727
134217728	1.292	2.376	12.910	42.027	69.019	62.360	69.589	78.465	86.914
268435456	1.496	3.185	17.619	56.313	68.609	62.259	70.330	81.252	89.269
536870912	1.567	2.613	17.651	57.220	69.503	63.049	70.512	81.791	90.785
1073741824	1.426	2.793	17.618	56.569	69.819	63.687	71.954	82.662	92.018

access_pattern	2
size_bytes
1024	1.116
2048	1.128
4096	1.135
8192	1.111
16384	1.120
32768	1.118
65536	2.298
131072	2.812
262144	3.059
524288	7.959
1048576	10.134
2097152	11.242
4194304	14.254
8388608	43.551
16777216	68.142
33554432	80.429
67108864	87.158
134217728	94.300
268435456	97.514
536870912	101.140
1073741824	107.473
