Size of some signed C types, in bytes:
 1 char
 2 short
 4 int
 4 long
 8 long long
 1 uint8_t
 2 uint16_t
 4 uint32_t
 8 uint64_t
Size of some unsigned C types, in bytes:
 1 unsigned char
 2 unsigned short
 4 unsigned int
 4 unsigned long
 8 unsigned long long
 4 size_t
Size of pointers, in bytes:
 4 void *
 4 char *

stride_direction	-1
size_bytes	1	4	16	32	64	128	256	512	1024
1024	0.611459	0.632197	0.706884	0.826062	1.057496	1.838268	-	-	-
2048	0.592413	0.611620	0.642763	0.702148	0.803264	1.113050	1.730618	-	-
4096	0.590201	0.604620	0.624249	0.643884	0.780213	0.801424	1.037121	1.774545	-
8192	0.592305	0.677289	0.626561	0.616140	0.648851	0.697598	0.802540	1.027956	1.833584
16384	0.598510	0.593352	0.605550	0.612456	0.620312	0.732127	0.703924	0.796110	1.011175
32768	0.601501	0.603258	0.600537	0.683273	0.622352	0.620537	0.652954	0.709537	0.807014
65536	0.675922	1.136654	0.880649	0.876981	0.883312	0.895802	1.000069	0.976832	1.091134
131072	0.663065	1.103479	0.868478	0.958005	0.882953	0.888655	0.896875	0.951656	1.072455
262144	0.674498	1.065027	0.882815	0.883260	0.872765	0.956136	0.888743	0.928589	0.957375
524288	0.739183	1.294301	0.967006	0.959127	0.975318	0.964494	1.133844	1.010653	1.025569
1048576	2.545436	8.837973	11.286387	11.506705	12.193058	13.388319	16.585789	21.995154	33.502598
2097152	2.890254	10.394485	12.741697	12.937724	13.380140	14.484833	18.258876	23.650131	39.637283
4194304	2.895235	10.462210	12.835467	13.240271	13.756183	14.981682	19.100374	24.103901	40.815774
8388608	2.770726	10.425044	12.868843	13.091297	13.602283	14.887227	18.967054	23.831436	40.301859
16777216	2.762330	10.418864	12.814303	13.164282	13.716758	14.940594	18.982450	23.966220	40.542598
33554432	2.849498	10.428902	12.895839	13.214483	14.045353	15.371078	19.844713	25.212406	42.727296
67108864	2.844895	10.434386	12.888411	13.456930	14.911422	17.746211	25.004066	36.308193	65.775902
134217728	2.765176	10.430087	12.816944	13.569972	15.085085	18.211335	26.098721	38.684973	70.491669
268435456	2.768442	10.493965	12.811990	13.496488	15.097254	18.154477	26.156532	39.127128	69.635297
536870912	2.724828	10.286364	13.057244	13.415424	15.233762	18.388834	27.018271	39.085005	71.455381

stride_direction	0
size_bytes
1024	2.103539
2048	2.086664
4096	2.157204
8192	2.073167
16384	2.144345
32768	2.067856
65536	2.251855
131072	2.227538
262144	2.250438
524288	2.595585
1048576	19.920990
2097152	30.645703
4194304	38.966332
8388608	46.289747
16777216	55.013930
33554432	63.951014
67108864	70.934486
134217728	75.132295
268435456	78.121440
536870912	77.996341

stride_direction	1
size_bytes	1	4	16	32	64	128	256	512	1024
1024	0.869682	0.640238	0.702337	0.805217	0.991887	1.720949	-	-	-
2048	0.783258	0.606850	0.653742	0.703351	0.792598	0.993730	1.694711	-	-
4096	0.787879	0.603014	0.624279	0.649760	0.689489	0.868580	0.988356	1.612147	-
8192	0.778887	0.600291	0.686765	0.623639	0.640703	0.699280	0.796940	0.978405	1.657292
16384	0.781114	0.600671	0.624477	0.613760	0.626302	0.641644	0.774125	0.800188	0.986973
32768	0.782769	0.594202	0.603801	0.600778	0.686703	0.625270	0.643043	0.703082	0.799050
65536	0.780956	1.137837	0.843590	0.852233	0.872593	0.848679	0.875470	1.023613	1.072098
131072	0.776258	1.050759	0.841625	0.910458	0.836425	0.840684	0.855203	0.926540	0.965538
262144	0.847772	1.051731	0.838149	0.867241	0.861982	0.843202	0.926588	0.910663	0.946687
524288	0.850303	1.184157	0.987606	0.909251	0.932446	0.920233	0.923560	1.068541	1.009704
1048576	2.374302	8.796500	11.137186	11.473106	12.001173	13.256595	16.360059	21.702054	33.251797
2097152	2.672806	10.305255	12.520155	12.774589	13.172377	14.299546	18.191337	23.200820	39.027646
4194304	2.773580	10.410797	12.744885	13.090137	13.662843	14.823155	18.877964	23.911434	40.397374
8388608	2.725950	10.367270	12.767494	12.975513	13.604175	14.734305	18.818853	23.589738	481.928460
16777216	2.777243	10.504008	12.871681	13.264964	13.784182	16.549760	19.731258	25.055812	43.649263
33554432	2.847190	10.751384	12.959454	13.386242	14.084659	16.156460	20.985183	27.981652	42.382264
67108864	2.633296	10.323559	12.768637	13.416272	14.760900	17.496932	24.767850	35.992629	65.032660
134217728	2.640483	10.310896	12.648817	14.099611	15.512942	17.957346	25.844394	38.200288	69.779427
268435456	2.642951	10.306752	12.733880	13.432777	14.946610	17.976292	25.964708	38.330190	70.082812
536870912	2.715412	10.317213	12.653935	13.463035	14.944457	18.127387	26.630220	40.938350	70.973777
