Size of some signed C types, in bytes:
 1 char
 2 short
 4 int
 8 long
 8 long long
 1 uint8_t
 2 uint16_t
 4 uint32_t
 8 uint64_t
Size of some unsigned C types, in bytes:
 1 unsigned char
 2 unsigned short
 4 unsigned int
 8 unsigned long
 8 unsigned long long
 8 size_t
Size of pointers, in bytes:
 8 void *
 8 char *

stride_direction	-1
size_bytes	1	4	16	32	64	128	256	512	1024
1024	0.139148	0.096502	0.097897	0.103532	0.123233	0.117160	-	-	-
2048	0.124550	0.119603	0.089097	0.092672	0.099411	0.118916	0.115416	-	-
4096	0.125639	0.115237	0.094724	0.085994	0.091428	0.098990	0.118628	0.113966	-
8192	0.124051	0.121299	0.110258	0.097221	0.088081	0.091038	0.099554	0.119512	0.117025
16384	0.127955	0.125554	0.112368	0.106055	0.099237	0.087799	0.096837	0.100529	0.119573
32768	0.126078	0.126086	0.121987	0.107819	0.107098	0.097920	0.085920	0.089648	0.097530
65536	0.126179	0.125783	0.122260	0.122131	0.114330	0.110225	0.096114	0.085002	0.090353
131072	0.124848	0.124722	0.123632	0.125043	0.121750	0.113618	0.105996	0.096777	0.086348
262144	0.127156	0.124318	0.155000	0.154780	0.155902	0.156089	0.160173	0.131187	0.114266
524288	0.126683	0.128328	0.157289	0.158447	0.160288	0.159148	0.155681	0.155691	0.199818
1048576	0.124550	0.126108	0.155240	0.154950	0.154516	0.154443	0.154394	0.154984	0.198955
2097152	0.125289	0.125028	0.156272	0.156952	0.161934	0.162877	0.161291	0.163098	0.224008
4194304	0.128889	0.128151	0.162275	0.158345	0.157690	0.154942	0.161209	0.164892	0.230903
8388608	0.126824	0.124885	0.161952	0.156866	0.156299	0.156364	0.157916	0.158334	0.220911
16777216	0.125006	0.125835	0.174504	0.334885	0.366202	0.352050	0.327539	0.348029	0.566844
33554432	0.125159	0.125839	0.250565	0.607197	0.577194	0.578702	0.582324	0.571718	1.203300
67108864	0.195041	0.132134	0.271243	0.754850	0.757134	0.651350	0.605198	0.574590	0.906362
134217728	0.123277	0.127394	0.280189	0.805941	0.846121	0.804765	0.620922	0.577034	0.911891
268435456	0.125504	0.127340	0.284434	0.846123	0.908118	0.948073	0.895125	0.638906	0.912468
536870912	0.123203	0.126327	0.282722	0.839843	0.902693	0.985583	1.026339	0.885112	0.937042
1073741824	0.128090	0.126227	0.282280	0.863104	0.903306	0.995519	1.097610	1.094059	1.040658

stride_direction	0
size_bytes
1024	0.327224
2048	0.345597
4096	0.353887
8192	0.375894
16384	0.366817
32768	0.375045
65536	0.364720
131072	0.359763
262144	0.352698
524288	0.345328
1048576	0.344689
2097152	0.340161
4194304	0.342579
8388608	0.342539
16777216	0.329750
33554432	0.608699
67108864	0.895672
134217728	0.938845
268435456	1.039958
536870912	1.065612
1073741824	1.152290

stride_direction	1
size_bytes	1	4	16	32	64	128	256	512	1024
1024	0.007604	0.099375	0.096596	0.104024	0.124806	0.094245	-	-	-
2048	0.007549	0.104264	0.088743	0.094140	0.101196	0.120496	0.089015	-	-
4096	0.007885	0.106478	0.099158	0.084185	0.089063	0.099259	0.118238	0.088487	-
8192	0.008602	0.093892	0.096511	0.099710	0.085317	0.091930	0.099229	0.118903	0.087459
16384	0.009250	0.086845	0.091226	0.095119	0.100080	0.082817	0.091496	0.099221	0.117652
32768	0.009440	0.082041	0.085047	0.089219	0.093915	0.099437	0.084007	0.087739	0.097751
65536	0.009862	0.080422	0.081931	0.083662	0.087564	0.093320	0.100799	0.087705	0.092008
131072	0.010089	0.105226	0.094198	0.091996	0.090930	0.091666	0.096428	0.102874	0.087138
262144	0.011841	0.099148	0.157414	0.158070	0.155476	0.154510	0.154249	0.126931	0.109722
524288	0.011575	0.101242	0.155022	0.154851	0.154606	0.156518	0.153981	0.153608	0.216212
1048576	0.012095	0.101683	0.155825	0.154360	0.156904	0.160613	0.159504	0.160459	0.211272
2097152	0.011846	0.104179	0.159687	0.157772	0.155476	0.158544	0.165339	0.177166	0.212371
4194304	0.011306	0.099686	0.154735	0.155517	0.154669	0.155278	0.154471	0.154321	0.198857
8388608	0.011604	0.100591	0.155278	0.155138	0.155571	0.155648	0.155834	0.156459	0.203648
16777216	0.012922	0.100731	0.173471	0.334853	0.369103	0.354257	0.334111	0.352836	0.601867
33554432	0.015977	0.102424	0.218444	0.593605	0.577722	0.581495	0.586571	0.608276	0.913205
67108864	0.018234	0.106078	0.269179	0.742251	0.748907	0.652847	0.596341	0.575429	0.904864
134217728	0.017626	0.102510	0.276345	0.794202	0.839329	0.798277	0.616540	0.575250	0.904921
268435456	0.018270	0.103142	0.281353	0.836531	0.900169	0.943676	0.893473	0.632323	0.911009
536870912	0.019076	0.105078	0.287669	0.845115	0.910309	0.989763	1.056613	1.268521	0.945740
1073741824	0.018056	0.105943	0.294280	0.860957	0.928088	1.004447	1.102356	1.105396	1.076855
