Size of some signed C types, in bytes:
 1 char
 2 short
 4 int
 8 long
 8 long long
 1 uint8_t
 2 uint16_t
 4 uint32_t
 8 uint64_t
Size of some unsigned C types, in bytes:
 1 unsigned char
 2 unsigned short
 4 unsigned int
 8 unsigned long
 8 unsigned long long
 8 uintptr_t
 8 size_t
Size of pointers, in bytes:
 8 void *
 8 char *
 8 uintptr_t *
PRIx64 format string=:llx:
PRIX64 format string=:llX:
PRId64 format string=:lld:
PRIu64 format string=:llu:
PRIuPTR format string=:lu:

access_pattern	0

stride_direction	-1
size_bytes	1	4	16	32	64	128	256	512	1024
1024	0.977	0.864	0.861	0.866	0.862	-	-	-	-
2048	0.867	0.863	0.866	0.864	0.881	0.865	-	-	-
4096	0.865	0.865	0.867	0.868	0.865	0.866	0.864	-	-
8192	0.863	0.864	0.864	0.865	0.865	0.868	0.865	0.865	-
16384	0.857	0.861	0.868	0.863	0.865	0.865	0.880	0.865	0.864
32768	0.849	0.863	0.870	0.865	0.864	0.864	0.866	0.865	0.864
65536	0.849	0.860	0.868	0.865	0.865	0.865	0.866	0.867	0.868
131072	0.857	0.867	0.879	0.868	0.975	0.888	0.890	1.468	1.474
262144	0.858	1.113	1.682	2.061	5.739	1.218	1.529	2.163	4.158
524288	0.848	1.122	1.661	2.037	5.716	1.170	1.157	1.506	3.156
1048576	0.846	1.133	1.664	2.052	5.696	1.151	1.036	1.361	2.847
2097152	0.717	1.100	1.691	2.055	5.731	1.077	1.068	1.304	3.034
4194304	0.698	1.095	1.664	2.037	5.713	1.047	1.019	1.313	2.864
8388608	0.333	0.921	1.752	1.999	5.842	1.268	1.642	2.372	5.247
16777216	0.625	0.992	2.920	4.854	11.082	3.289	5.048	6.622	9.627
33554432	0.447	0.964	4.912	7.238	15.485	4.086	7.237	7.953	9.211
67108864	0.512	0.926	9.869	13.841	16.958	4.840	19.226	19.437	18.490
134217728	0.436	0.943	10.346	16.797	31.521	7.110	19.281	20.844	20.219
268435456	0.367	0.940	10.381	16.858	35.397	10.090	20.968	23.583	23.353
536870912	0.327	0.919	10.388	16.851	35.260	10.275	34.780	26.418	29.344
1073741824	0.327	0.923	10.387	16.946	35.319	10.589	37.357	43.385	46.085

access_pattern	1

stride_direction	1
size_bytes	1	4	16	32	64	128	256	512	1024
1024	0.866	0.865	0.878	0.870	0.863	-	-	-	-
2048	0.864	0.863	0.868	0.864	0.864	0.863	-	-	-
4096	0.868	0.869	0.872	0.874	0.864	0.876	0.894	-	-
8192	0.892	0.870	0.875	0.868	0.875	0.880	0.875	0.886	-
16384	0.859	0.873	0.871	0.878	0.864	0.871	0.871	0.876	0.865
32768	0.846	0.878	0.863	0.865	0.865	0.866	0.862	0.866	0.863
65536	0.858	0.863	0.864	0.863	0.877	0.865	0.866	0.867	0.864
131072	0.858	0.865	0.866	0.866	0.974	0.969	0.904	1.117	1.193
262144	0.859	1.147	1.705	2.036	5.789	1.145	1.465	2.115	3.985
524288	0.854	1.136	1.697	2.015	5.719	1.080	1.140	1.480	3.058
1048576	0.842	1.077	1.673	2.031	5.745	1.087	1.040	1.358	2.793
2097152	0.737	1.072	1.669	2.015	5.739	1.070	1.060	1.278	2.618
4194304	0.781	1.081	1.696	2.023	5.714	1.028	1.026	1.239	2.562
8388608	0.739	0.935	1.761	1.995	5.850	1.268	1.801	2.316	5.125
16777216	0.650	0.996	2.860	4.765	11.096	3.326	4.956	6.586	9.560
33554432	0.514	0.968	4.957	7.195	15.530	4.085	7.243	7.983	9.051
67108864	0.438	0.974	9.828	13.934	16.924	4.861	19.191	20.185	18.193
134217728	0.389	0.971	10.330	16.772	31.683	7.106	19.324	21.418	21.620
268435456	0.379	0.970	10.322	16.778	35.273	10.094	20.975	22.581	19.625
536870912	0.335	0.968	10.377	16.794	35.292	10.208	34.790	28.202	28.324
1073741824	0.333	0.963	10.383	16.787	35.282	10.483	36.395	43.442	50.419

access_pattern	2
size_bytes
1024	0.865
2048	0.863
4096	0.868
8192	0.864
16384	0.866
32768	0.864
65536	0.859
131072	0.866
262144	3.337
524288	4.436
1048576	5.016
2097152	5.200
4194304	5.341
8388608	6.310
16777216	10.566
33554432	33.441
67108864	69.192
134217728	93.292
268435456	105.468
536870912	111.218
1073741824	114.186
